4
21 21
1   1   1   1   1   1   1   1   1   14  1   1   1   1   1   1   1   1   1   1   1     
1   1   1   1   1   1   1   1   1   1   1   1   1   1   1   1   1   1   1   1   1    
1   1   1   1   1   1   1   1   1   1   1   1   1   1   1   1   1   1   1   1   1    
1   1   1   1   1   1   1   1   1   1   1   1   1   1   1   1   1   1   1   1   1    
1   1   1   1   1   1   1   1   1   1   1   1   1   1   1   1   1   1   1   1   1    
1   1   1   1   1   1   1   1   1   1   1   1   1   1   1   1   1   1   1   1   1    
1   1   1   1   1   1   1   1   1   1   1   1   1   1   1   1   1   1   1   1   1    
1   1   1   1   1   1   1   1   1   1   1   1   1   1   1   1   1   1   1   1   1    
1   1   1   1   1   1   1   1   1   1   1   1   1   1   1   1   1   1   1   1   1    
1   1   1   1   1   1   1   1   1   1   1   1   1   1   1   1   1   1   1   1   1    
1   1   1   1   1   1   1   1   1   1   1   1   1   1   1   1   1   1   1   1   1    
1   1   1   1   1   1   1   1   1   1   1   1   1   1   1   1   1   1   1   1   1    
1   1   1   1   1   1   1   1   1   1   1   1   1   1   1   1   1   1   1   1   1    
1   1   1   1   1   1   1   1   1   1   1   1   1   1   1   1   1   1   1   1   1    
1   1   1   1   1   1   1   1   1   1   1   1   1   1   1   1   1   1   1   1   1    
1   1   1   1   1   1   1   1   1   1   1   1   1   1   1   1   1   1   1   1   1    
1   1   1   1   1   1   1   1   1   1   1   1   1   1   1   1   1   1   1   1   1    
1   1   1   1   1   1   1   1   1   1   1   1   1   1   1   1   1   1   1   1   1    
1   1   1   1   1   1   1   1   1   1   1   1   1   1   1   1   1   1   1   1   1    
1   1   1   1   1   1   1   1   1   1   1   1   1   1   1   1   1   1   1   1   1    
1   1   1   1   1   1   1   1   1   1   1   1   1   1   1   1   1   1   1   1   1    
   
