441
1)  1 comm 2 - 22 2 
2)  1 comm 3 - 23 1 3 
3)  1 comm 3 - 24 2 4 
4)  1 comm 3 - 25 3 5 
5)  1 comm 3 - 26 4 6 
6)  1 comm 3 - 27 5 7 
7)  1 comm 3 - 28 6 8 
8)  1 comm 3 - 29 7 9 
9)  1 comm 3 - 30 8 10 
10)  1 comm 3 - 31 9 11 
11)  1 comm 3 - 32 10 12 
12)  1 comm 3 - 33 11 13 
13)  1 comm 3 - 34 12 14 
14)  1 comm 3 - 35 13 15 
15)  1 comm 3 - 36 14 16 
16)  1 comm 3 - 37 15 17 
17)  1 comm 3 - 38 16 18 
18)  1 comm 3 - 39 17 19 
19)  1 comm 3 - 40 18 20 
20)  1 comm 3 - 41 19 21 
21)  1 comm 2 - 42 20 
22)  1 comm 3 - 1 43 23 
23)  1 comm 4 - 2 44 22 24 
24)  1 comm 4 - 3 45 23 25 
25)  1 comm 4 - 4 46 24 26 
26)  1 comm 4 - 5 47 25 27 
27)  1 comm 4 - 6 48 26 28 
28)  1 comm 4 - 7 49 27 29 
29)  1 comm 4 - 8 50 28 30 
30)  1 comm 4 - 9 51 29 31 
31)  1 comm 4 - 10 52 30 32 
32)  1 comm 4 - 11 53 31 33 
33)  1 comm 4 - 12 54 32 34 
34)  1 comm 4 - 13 55 33 35 
35)  1 comm 4 - 14 56 34 36 
36)  1 comm 4 - 15 57 35 37 
37)  1 comm 4 - 16 58 36 38 
38)  1 comm 4 - 17 59 37 39 
39)  1 comm 4 - 18 60 38 40 
40)  1 comm 4 - 19 61 39 41 
41)  1 comm 4 - 20 62 40 42 
42)  1 comm 3 - 21 63 41 
43)  1 comm 3 - 22 64 44 
44)  1 comm 4 - 23 65 43 45 
45)  1 comm 4 - 24 66 44 46 
46)  1 comm 4 - 25 67 45 47 
47)  1 comm 4 - 26 68 46 48 
48)  1 comm 4 - 27 69 47 49 
49)  1 comm 4 - 28 70 48 50 
50)  1 comm 4 - 29 71 49 51 
51)  1 comm 4 - 30 72 50 52 
52)  1 comm 4 - 31 73 51 53 
53)  1 comm 4 - 32 74 52 54 
54)  1 comm 4 - 33 75 53 55 
55)  1 comm 4 - 34 76 54 56 
56)  1 comm 4 - 35 77 55 57 
57)  1 comm 4 - 36 78 56 58 
58)  1 comm 4 - 37 79 57 59 
59)  1 comm 4 - 38 80 58 60 
60)  1 comm 4 - 39 81 59 61 
61)  1 comm 4 - 40 82 60 62 
62)  1 comm 4 - 41 83 61 63 
63)  1 comm 3 - 42 84 62 
64)  1 comm 3 - 43 85 65 
65)  1 comm 4 - 44 86 64 66 
66)  1 comm 4 - 45 87 65 67 
67)  1 comm 4 - 46 88 66 68 
68)  1 comm 4 - 47 89 67 69 
69)  1 comm 4 - 48 90 68 70 
70)  1 comm 4 - 49 91 69 71 
71)  1 comm 4 - 50 92 70 72 
72)  1 comm 4 - 51 93 71 73 
73)  1 comm 4 - 52 94 72 74 
74)  1 comm 4 - 53 95 73 75 
75)  1 comm 4 - 54 96 74 76 
76)  1 comm 4 - 55 97 75 77 
77)  1 comm 4 - 56 98 76 78 
78)  1 comm 4 - 57 99 77 79 
79)  1 comm 4 - 58 100 78 80 
80)  1 comm 4 - 59 101 79 81 
81)  1 comm 4 - 60 102 80 82 
82)  1 comm 4 - 61 103 81 83 
83)  1 comm 4 - 62 104 82 84 
84)  1 comm 3 - 63 105 83 
85)  1 comm 3 - 64 106 86 
86)  1 comm 4 - 65 107 85 87 
87)  1 comm 4 - 66 108 86 88 
88)  1 comm 4 - 67 109 87 89 
89)  1 comm 4 - 68 110 88 90 
90)  1 comm 4 - 69 111 89 91 
91)  1 comm 4 - 70 112 90 92 
92)  1 comm 4 - 71 113 91 93 
93)  1 comm 4 - 72 114 92 94 
94)  1 comm 4 - 73 115 93 95 
95)  1 comm 4 - 74 116 94 96 
96)  1 comm 4 - 75 117 95 97 
97)  1 comm 4 - 76 118 96 98 
98)  1 comm 4 - 77 119 97 99 
99)  1 comm 4 - 78 120 98 100 
100)  1 comm 4 - 79 121 99 101 
101)  1 comm 4 - 80 122 100 102 
102)  1 comm 4 - 81 123 101 103 
103)  1 comm 4 - 82 124 102 104 
104)  1 comm 4 - 83 125 103 105 
105)  1 comm 3 - 84 126 104 
106)  1 comm 3 - 85 127 107 
107)  1 comm 4 - 86 128 106 108 
108)  1 comm 4 - 87 129 107 109 
109)  1 comm 4 - 88 130 108 110 
110)  1 comm 4 - 89 131 109 111 
111)  1 comm 4 - 90 132 110 112 
112)  1 comm 4 - 91 133 111 113 
113)  1 comm 4 - 92 134 112 114 
114)  1 comm 4 - 93 135 113 115 
115)  1 comm 4 - 94 136 114 116 
116)  1 comm 4 - 95 137 115 117 
117)  1 comm 4 - 96 138 116 118 
118)  1 comm 4 - 97 139 117 119 
119)  1 comm 4 - 98 140 118 120 
120)  1 comm 4 - 99 141 119 121 
121)  1 comm 4 - 100 142 120 122 
122)  1 comm 4 - 101 143 121 123 
123)  1 comm 4 - 102 144 122 124 
124)  1 comm 4 - 103 145 123 125 
125)  1 comm 4 - 104 146 124 126 
126)  1 comm 3 - 105 147 125 
127)  1 comm 3 - 106 148 128 
128)  1 comm 4 - 107 149 127 129 
129)  1 comm 4 - 108 150 128 130 
130)  1 comm 4 - 109 151 129 131 
131)  1 comm 4 - 110 152 130 132 
132)  1 comm 4 - 111 153 131 133 
133)  1 comm 4 - 112 154 132 134 
134)  1 comm 4 - 113 155 133 135 
135)  1 comm 4 - 114 156 134 136 
136)  1 comm 4 - 115 157 135 137 
137)  1 comm 4 - 116 158 136 138 
138)  1 comm 4 - 117 159 137 139 
139)  1 comm 4 - 118 160 138 140 
140)  1 comm 4 - 119 161 139 141 
141)  1 comm 4 - 120 162 140 142 
142)  1 comm 4 - 121 163 141 143 
143)  1 comm 4 - 122 164 142 144 
144)  1 comm 4 - 123 165 143 145 
145)  1 comm 4 - 124 166 144 146 
146)  1 comm 4 - 125 167 145 147 
147)  1 comm 3 - 126 168 146 
148)  1 comm 3 - 127 169 149 
149)  1 comm 4 - 128 170 148 150 
150)  1 comm 4 - 129 171 149 151 
151)  1 comm 4 - 130 172 150 152 
152)  1 comm 4 - 131 173 151 153 
153)  1 comm 4 - 132 174 152 154 
154)  1 comm 4 - 133 175 153 155 
155)  1 comm 4 - 134 176 154 156 
156)  1 comm 4 - 135 177 155 157 
157)  1 comm 4 - 136 178 156 158 
158)  1 comm 4 - 137 179 157 159 
159)  1 comm 4 - 138 180 158 160 
160)  1 comm 4 - 139 181 159 161 
161)  1 comm 4 - 140 182 160 162 
162)  1 comm 4 - 141 183 161 163 
163)  1 comm 4 - 142 184 162 164 
164)  1 comm 4 - 143 185 163 165 
165)  1 comm 4 - 144 186 164 166 
166)  1 comm 4 - 145 187 165 167 
167)  1 comm 4 - 146 188 166 168 
168)  1 comm 3 - 147 189 167 
169)  1 comm 3 - 148 190 170 
170)  1 comm 4 - 149 191 169 171 
171)  1 comm 4 - 150 192 170 172 
172)  1 comm 4 - 151 193 171 173 
173)  1 comm 4 - 152 194 172 174 
174)  1 comm 4 - 153 195 173 175 
175)  1 comm 4 - 154 196 174 176 
176)  1 comm 4 - 155 197 175 177 
177)  1 comm 4 - 156 198 176 178 
178)  1 comm 4 - 157 199 177 179 
179)  1 comm 4 - 158 200 178 180 
180)  1 comm 4 - 159 201 179 181 
181)  1 comm 4 - 160 202 180 182 
182)  1 comm 4 - 161 203 181 183 
183)  1 comm 4 - 162 204 182 184 
184)  1 comm 4 - 163 205 183 185 
185)  1 comm 4 - 164 206 184 186 
186)  1 comm 4 - 165 207 185 187 
187)  1 comm 4 - 166 208 186 188 
188)  1 comm 4 - 167 209 187 189 
189)  1 comm 3 - 168 210 188 
190)  1 comm 3 - 169 211 191 
191)  1 comm 4 - 170 212 190 192 
192)  1 comm 4 - 171 213 191 193 
193)  1 comm 4 - 172 214 192 194 
194)  1 comm 4 - 173 215 193 195 
195)  1 comm 4 - 174 216 194 196 
196)  1 comm 4 - 175 217 195 197 
197)  1 comm 4 - 176 218 196 198 
198)  1 comm 4 - 177 219 197 199 
199)  1 comm 4 - 178 220 198 200 
200)  1 comm 4 - 179 221 199 201 
201)  1 comm 4 - 180 222 200 202 
202)  1 comm 4 - 181 223 201 203 
203)  1 comm 4 - 182 224 202 204 
204)  1 comm 4 - 183 225 203 205 
205)  1 comm 4 - 184 226 204 206 
206)  1 comm 4 - 185 227 205 207 
207)  1 comm 4 - 186 228 206 208 
208)  1 comm 4 - 187 229 207 209 
209)  1 comm 4 - 188 230 208 210 
210)  1 comm 3 - 189 231 209 
211)  1 comm 3 - 190 232 212 
212)  1 comm 4 - 191 233 211 213 
213)  1 comm 4 - 192 234 212 214 
214)  1 comm 4 - 193 235 213 215 
215)  1 comm 4 - 194 236 214 216 
216)  1 comm 4 - 195 237 215 217 
217)  1 comm 4 - 196 238 216 218 
218)  1 comm 4 - 197 239 217 219 
219)  1 comm 4 - 198 240 218 220 
220)  1 comm 4 - 199 241 219 221 
221)  1 comm 4 - 200 242 220 222 
222)  1 comm 4 - 201 243 221 223 
223)  1 comm 4 - 202 244 222 224 
224)  1 comm 4 - 203 245 223 225 
225)  1 comm 4 - 204 246 224 226 
226)  1 comm 4 - 205 247 225 227 
227)  1 comm 4 - 206 248 226 228 
228)  1 comm 4 - 207 249 227 229 
229)  1 comm 4 - 208 250 228 230 
230)  1 comm 4 - 209 251 229 231 
231)  1 comm 3 - 210 252 230 
232)  1 comm 3 - 211 253 233 
233)  1 comm 4 - 212 254 232 234 
234)  1 comm 4 - 213 255 233 235 
235)  1 comm 4 - 214 256 234 236 
236)  1 comm 4 - 215 257 235 237 
237)  1 comm 4 - 216 258 236 238 
238)  1 comm 4 - 217 259 237 239 
239)  1 comm 4 - 218 260 238 240 
240)  1 comm 4 - 219 261 239 241 
241)  1 comm 4 - 220 262 240 242 
242)  1 comm 4 - 221 263 241 243 
243)  1 comm 4 - 222 264 242 244 
244)  1 comm 4 - 223 265 243 245 
245)  1 comm 4 - 224 266 244 246 
246)  1 comm 4 - 225 267 245 247 
247)  1 comm 4 - 226 268 246 248 
248)  1 comm 4 - 227 269 247 249 
249)  1 comm 4 - 228 270 248 250 
250)  1 comm 4 - 229 271 249 251 
251)  1 comm 4 - 230 272 250 252 
252)  1 comm 3 - 231 273 251 
253)  1 comm 3 - 232 274 254 
254)  1 comm 4 - 233 275 253 255 
255)  1 comm 4 - 234 276 254 256 
256)  1 comm 4 - 235 277 255 257 
257)  1 comm 4 - 236 278 256 258 
258)  1 comm 4 - 237 279 257 259 
259)  1 comm 4 - 238 280 258 260 
260)  1 comm 4 - 239 281 259 261 
261)  1 comm 4 - 240 282 260 262 
262)  1 comm 4 - 241 283 261 263 
263)  1 comm 4 - 242 284 262 264 
264)  1 comm 4 - 243 285 263 265 
265)  1 comm 4 - 244 286 264 266 
266)  1 comm 4 - 245 287 265 267 
267)  1 comm 4 - 246 288 266 268 
268)  1 comm 4 - 247 289 267 269 
269)  1 comm 4 - 248 290 268 270 
270)  1 comm 4 - 249 291 269 271 
271)  1 comm 4 - 250 292 270 272 
272)  1 comm 4 - 251 293 271 273 
273)  1 comm 3 - 252 294 272 
274)  1 comm 3 - 253 295 275 
275)  1 comm 4 - 254 296 274 276 
276)  1 comm 4 - 255 297 275 277 
277)  1 comm 4 - 256 298 276 278 
278)  1 comm 4 - 257 299 277 279 
279)  1 comm 4 - 258 300 278 280 
280)  1 comm 4 - 259 301 279 281 
281)  1 comm 4 - 260 302 280 282 
282)  1 comm 4 - 261 303 281 283 
283)  1 comm 4 - 262 304 282 284 
284)  1 comm 4 - 263 305 283 285 
285)  1 comm 4 - 264 306 284 286 
286)  1 comm 4 - 265 307 285 287 
287)  1 comm 4 - 266 308 286 288 
288)  1 comm 4 - 267 309 287 289 
289)  1 comm 4 - 268 310 288 290 
290)  1 comm 4 - 269 311 289 291 
291)  1 comm 4 - 270 312 290 292 
292)  1 comm 4 - 271 313 291 293 
293)  1 comm 4 - 272 314 292 294 
294)  1 comm 3 - 273 315 293 
295)  1 comm 3 - 274 316 296 
296)  1 comm 4 - 275 317 295 297 
297)  1 comm 4 - 276 318 296 298 
298)  1 comm 4 - 277 319 297 299 
299)  1 comm 4 - 278 320 298 300 
300)  1 comm 4 - 279 321 299 301 
301)  1 comm 4 - 280 322 300 302 
302)  1 comm 4 - 281 323 301 303 
303)  1 comm 4 - 282 324 302 304 
304)  1 comm 4 - 283 325 303 305 
305)  1 comm 4 - 284 326 304 306 
306)  1 comm 4 - 285 327 305 307 
307)  1 comm 4 - 286 328 306 308 
308)  1 comm 4 - 287 329 307 309 
309)  1 comm 4 - 288 330 308 310 
310)  1 comm 4 - 289 331 309 311 
311)  1 comm 4 - 290 332 310 312 
312)  1 comm 4 - 291 333 311 313 
313)  1 comm 4 - 292 334 312 314 
314)  1 comm 4 - 293 335 313 315 
315)  1 comm 3 - 294 336 314 
316)  1 comm 3 - 295 337 317 
317)  1 comm 4 - 296 338 316 318 
318)  1 comm 4 - 297 339 317 319 
319)  1 comm 4 - 298 340 318 320 
320)  1 comm 4 - 299 341 319 321 
321)  1 comm 4 - 300 342 320 322 
322)  1 comm 4 - 301 343 321 323 
323)  1 comm 4 - 302 344 322 324 
324)  1 comm 4 - 303 345 323 325 
325)  1 comm 4 - 304 346 324 326 
326)  1 comm 4 - 305 347 325 327 
327)  1 comm 4 - 306 348 326 328 
328)  1 comm 4 - 307 349 327 329 
329)  1 comm 4 - 308 350 328 330 
330)  1 comm 4 - 309 351 329 331 
331)  1 comm 4 - 310 352 330 332 
332)  1 comm 4 - 311 353 331 333 
333)  1 comm 4 - 312 354 332 334 
334)  1 comm 4 - 313 355 333 335 
335)  1 comm 4 - 314 356 334 336 
336)  1 comm 3 - 315 357 335 
337)  1 comm 3 - 316 358 338 
338)  1 comm 4 - 317 359 337 339 
339)  1 comm 4 - 318 360 338 340 
340)  1 comm 4 - 319 361 339 341 
341)  1 comm 4 - 320 362 340 342 
342)  1 comm 4 - 321 363 341 343 
343)  1 comm 4 - 322 364 342 344 
344)  1 comm 4 - 323 365 343 345 
345)  1 comm 4 - 324 366 344 346 
346)  1 comm 4 - 325 367 345 347 
347)  1 comm 4 - 326 368 346 348 
348)  1 comm 4 - 327 369 347 349 
349)  1 comm 4 - 328 370 348 350 
350)  1 comm 4 - 329 371 349 351 
351)  1 comm 4 - 330 372 350 352 
352)  1 comm 4 - 331 373 351 353 
353)  1 comm 4 - 332 374 352 354 
354)  1 comm 4 - 333 375 353 355 
355)  1 comm 4 - 334 376 354 356 
356)  1 comm 4 - 335 377 355 357 
357)  1 comm 3 - 336 378 356 
358)  1 comm 3 - 337 379 359 
359)  1 comm 4 - 338 380 358 360 
360)  1 comm 4 - 339 381 359 361 
361)  1 comm 4 - 340 382 360 362 
362)  1 comm 4 - 341 383 361 363 
363)  1 comm 4 - 342 384 362 364 
364)  1 comm 4 - 343 385 363 365 
365)  1 comm 4 - 344 386 364 366 
366)  1 comm 4 - 345 387 365 367 
367)  1 comm 4 - 346 388 366 368 
368)  1 comm 4 - 347 389 367 369 
369)  1 comm 4 - 348 390 368 370 
370)  1 comm 4 - 349 391 369 371 
371)  1 comm 4 - 350 392 370 372 
372)  1 comm 4 - 351 393 371 373 
373)  1 comm 4 - 352 394 372 374 
374)  1 comm 4 - 353 395 373 375 
375)  1 comm 4 - 354 396 374 376 
376)  1 comm 4 - 355 397 375 377 
377)  1 comm 4 - 356 398 376 378 
378)  1 comm 3 - 357 399 377 
379)  1 comm 3 - 358 400 380 
380)  1 comm 4 - 359 401 379 381 
381)  1 comm 4 - 360 402 380 382 
382)  1 comm 4 - 361 403 381 383 
383)  1 comm 4 - 362 404 382 384 
384)  1 comm 4 - 363 405 383 385 
385)  1 comm 4 - 364 406 384 386 
386)  1 comm 4 - 365 407 385 387 
387)  1 comm 4 - 366 408 386 388 
388)  1 comm 4 - 367 409 387 389 
389)  1 comm 4 - 368 410 388 390 
390)  1 comm 4 - 369 411 389 391 
391)  1 comm 4 - 370 412 390 392 
392)  1 comm 4 - 371 413 391 393 
393)  1 comm 4 - 372 414 392 394 
394)  1 comm 4 - 373 415 393 395 
395)  1 comm 4 - 374 416 394 396 
396)  1 comm 4 - 375 417 395 397 
397)  1 comm 4 - 376 418 396 398 
398)  1 comm 4 - 377 419 397 399 
399)  1 comm 3 - 378 420 398 
400)  1 comm 3 - 379 421 401 
401)  1 comm 4 - 380 422 400 402 
402)  1 comm 4 - 381 423 401 403 
403)  1 comm 4 - 382 424 402 404 
404)  1 comm 4 - 383 425 403 405 
405)  1 comm 4 - 384 426 404 406 
406)  1 comm 4 - 385 427 405 407 
407)  1 comm 4 - 386 428 406 408 
408)  1 comm 4 - 387 429 407 409 
409)  1 comm 4 - 388 430 408 410 
410)  1 comm 4 - 389 431 409 411 
411)  1 comm 4 - 390 432 410 412 
412)  1 comm 4 - 391 433 411 413 
413)  1 comm 4 - 392 434 412 414 
414)  1 comm 4 - 393 435 413 415 
415)  1 comm 4 - 394 436 414 416 
416)  1 comm 4 - 395 437 415 417 
417)  1 comm 4 - 396 438 416 418 
418)  1 comm 4 - 397 439 417 419 
419)  1 comm 4 - 398 440 418 420 
420)  1 comm 3 - 399 441 419 
421)  1 comm 2 - 400 422 
422)  1 comm 3 - 401 421 423 
423)  1 comm 3 - 402 422 424 
424)  1 comm 3 - 403 423 425 
425)  1 comm 3 - 404 424 426 
426)  1 comm 3 - 405 425 427 
427)  1 comm 3 - 406 426 428 
428)  1 comm 3 - 407 427 429 
429)  1 comm 3 - 408 428 430 
430)  1 comm 3 - 409 429 431 
431)  1 comm 3 - 410 430 432 
432)  1 comm 3 - 411 431 433 
433)  1 comm 3 - 412 432 434 
434)  1 comm 3 - 413 433 435 
435)  1 comm 3 - 414 434 436 
436)  1 comm 3 - 415 435 437 
437)  1 comm 3 - 416 436 438 
438)  1 comm 3 - 417 437 439 
439)  1 comm 3 - 418 438 440 
440)  1 comm 3 - 419 439 441 
441)  1 comm 2 - 420 440 
