86
1)  1 comm 2 - 10 11
2)  1 comm 2 - 11 12 
3)  1 comm 2 - 12 13
4)  1 comm 2 - 13 14 
5)  1 comm 2 - 14 15
6)  1 comm 2 - 15 16
7)  1 comm 2 - 16 17
8)  1 comm 2 - 17 18
9)  1 comm 2 - 18 19
10) 1 comm 2 - 1 28  
11) 1 comm 4 - 1 2 20 29
12) 1 comm 5 - 2 3 20 21 30
13) 1 comm 5 - 3 4 21 22 31 
14) 1 comm 5 - 4 5 22 23 32 
15) 1 comm 5 - 5 6 23 24 33 
16) 1 comm 5 - 6 7 24 25 34 
17) 1 comm 5 - 7 8 25 26 35     
18) 1 comm 5 - 8 9 26 27 36 
19) 1 comm 3 - 9 27 37 
20) 1 comm 6 - 2 11 12 29 30 41
21) 1 comm 6 - 3 12 13 30 31 42
22) 1 comm 6 - 4 13 14 31 32 43
23) 1 comm 6 - 5 14 15 32 33 44
24) 1 comm 6 - 6 15 16 33 34 45
25) 1 comm 6 - 7 16 17 34 35 46
26) 1 comm 6 - 8 17 18 35 36 47
27) 1 comm 6 - 9 18 19 36 37 48
28) 1 comm 4 - 10 38 39 49
29) 1 comm 5 - 11 20 39 40 50
30) 1 comm 6 - 12 20 21 40 41 51
31) 1 comm 6 - 13 21 22 41 42 52
32) 1 comm 6 - 14 22 23 42 43 53
33) 1 comm 6 - 15 23 24 43 44 54
34) 1 comm 6 - 16 24 25 44 45 52
35) 1 comm 6 - 17 25 26 45 46 53
36) 1 comm 6 - 18 26 27 46 47 54
37) 1 comm 4 - 19 27 47 48
38) 1 comm 2 - 28 49
39) 1 comm 5 - 28 29 49 50 58
40) 1 comm 6 - 20 29 30 50 51 59
41) 1 comm 6 - 21 30 31 51 52 60
42) 1 comm 6 - 22 31 32 52 53 61
43) 1 comm 6 - 23 32 33 53 54 62
44) 1 comm 6 - 24 33 34 54 55 63
45) 1 comm 6 - 25 34 35 55 56 64
46) 1 comm 6 - 26 35 36 56 57 65
47) 1 comm 4 - 27 36 37 57
48) 1 comm 1 - 37
49) 1 comm 4 - 28 38 39 58
50) 1 comm 6 - 29 39 40 58 59 66
51) 1 comm 6 - 30 40 41 59 60 67
52) 1 comm 6 - 31 41 42 60 61 68
53) 1 comm 6 - 32 42 43 61 62 69
54) 1 comm 6 - 33 43 44 62 63 70
55) 1 comm 6 - 34 44 45 63 64 71
56) 1 comm 6 - 35 45 46 64 65 72
57) 1 comm 5 - 36 46 47 65 73
58) 1 comm 4 - 39 49 50 66
59) 1 comm 6 - 40 50 51 66 67 74
60) 1 comm 6 - 41 51 52 67 68 75
61) 1 comm 6 - 42 52 53 68 69 76
62) 1 comm 6 - 43 53 54 69 70 77
63) 1 comm 6 - 44 54 55 70 71 78
64) 1 comm 6 - 45 55 56 71 72 79
65) 1 comm 6 - 46 56 57 72 73 80
66) 1 comm 4 - 50 58 59 74
67) 1 comm 6 - 51 59 60 74 75 81
68) 1 comm 6 - 52 60 61 75 76 82
69) 1 comm 6 - 53 61 62 76 77 83
70) 1 comm 6 - 54 62 63 77 78 84
71) 1 comm 6 - 55 63 64 78 79 85
72) 1 comm 6 - 56 64 65 79 80 86
73) 1 comm 3 - 57 65 80
74) 1 comm 4 - 59 66 67 81
75) 1 comm 5 - 60 67 68 81 82
76) 1 comm 5 - 61 68 69 82 83
77) 1 comm 5 - 62 69 70 83 84
78) 1 comm 5 - 63 70 71 84 85
79) 1 comm 5 - 64 71 72 85 86
80) 1 comm 4 - 65 72 73 86
81) 1 comm 3 - 67 74 75
82) 1 comm 3 - 68 75 76
83) 1 comm 3 - 69 76 77
84) 1 comm 3 - 70 77 78
85) 1 comm 3 - 71 78 79
86) 1 comm 3 - 72 79 80

